[order] [testNum] [inputNum] [time]
0000    0100      0000       0.286 
0001    5520      5520       5.68 
0002    0450      0450       4.88 
0003    6500      0000       0.604 
0004    1020      1020       3.01 
0005    0900      0000       0.384 
0006    1901      0000       0.555 
0007    0210      0000       0.174 
0008    6000      0000       0.338 
0009    1000      0000       0.118 
0010    2050      0000       0.32 
0011    1000      1000       1.45 
0012    4000      0000       0.347 
0013    6050      0000       0.324 
0014    2600      2600       5.46 
0015    5020      5020       6.39 
0016    5010      0000       0.421 
0017    0940      0940       6.66 
0018    2050      0000       0.337 
0019    0910      0000       0.323 
0020    2020      0000       0.32 
0021    6050      0000       0.173 
0022    1000      0000       0.364 
0023    0500      0000       0.339 
0024    2500      0000       0.339 
0025    1228      0000       0.373 
0026    0200      0000       0.351 
0027    2520      0000       0.326 
0028    0400      0000       0.367 
0029    0200      0000       0.311 
0030    0215      0220       2.77 
0031    0050      0000       0.228 
0032    0900      0000       0.333 
0033    0260      0260       7.34 
0034    0960      0000       0.339 
0035    5023      5020       4.54 
0036    2600      0000       0.346 
0037    0370      0370       8.0 
0038    1040      0000       1.91 
0039    5020      5020       5.18 
0040    8200      8200       7.02 
0041    5060      0000       0.539 
0042    0800      0000       0.377 
0043    1060      1060       4.69 
0044    7002      7000       4.27 
0045    0150      0150       4.56 
0046    2020      0000       0.431 
0047    1150      0000       0.503 
0048    5270      0000       0.366 
0049    0200      0000       0.438 
