[order] [testNum] [inputNum] [time]
0000    0123      0000       0.473 
0001    0223      0000       0.232 
0002    0323      0000       0.317 
0003    1234      0000       0.308 
0004    2345      0000       0.667 
0005    3456      0000       0.105 
0006    4567      0000       0.628 
0007    6789      0000       1.07 
0008    1000      0000       0.384 
0009    0100      0000       0.155 
0010    0001      0001       2.7 
0011    0001      0000       0.572 
0012    0001      0000       2.42 
