[order] [testNum] [inputNum] [time]
0000    0123      0000       0.221 
0001    0223      0000       0.337 
0002    0323      0000       0.108 
0003    1234      0000       0.121 
0004    2345      0000       0.319 
0005    3456      0000       0.315 
0006    4567      4510       6.45 
0007    6789      0000       0.0898 
0008    1000      0000       0.425 
0009    0100      0000       0.33 
0010    0001      0000       0.336 
0011    0001      0000       0.283 
0012    0001      0000       0.394 
