[order] [testNum] [inputNum] [time]
0000    0100      0100       1.48 
0001    5520      5520       5.42 
0002    0450      0450       7.66 
0003    6500      6500       7.24 
0004    1020      1020       4.27 
0005    0900      0900       4.12 
0006    1901      1801       10.1 
0007    0210      0210       5.03 
0008    6000      6000       3.85 
0009    1000      1000       2.75 
0010    2050      2050       5.35 
0011    1000      1000       2.67 
0012    4000      4000       3.78 
0013    6050      6050       6.35 
0014    2600      2600       5.79 
0015    5020      5020       5.92 
0016    5010      5010       6.82 
0017    0940      0940       8.05 
0018    2050      2050       4.45 
0019    0910      0910       6.56 
0020    2020      2020       5.05 
0021    6050      6050       9.6 
0022    1000      1000       2.18 
0023    0500      0500       2.85 
0024    2500      2500       5.46 
0025    1228      1228       17.8 
0026    0200      0200       2.41 
0027    2520      2520       5.48 
0028    0400      0400       3.65 
0029    0200      0000       0.183 
0030    0215      0215       5.67 
0031    0050      0050       4.2 
0032    0900      0900       5.36 
0033    0260      0260       5.24 
0034    0960      0960       10.6 
0035    5023      5023       7.33 
0036    2600      2600       6.94 
0037    0370      0370       8.81 
0038    1040      1040       5.27 
0039    5020      5020       7.05 
0040    8200      8200       6.94 
0041    5060      5060       5.94 
0042    0800      0800       6.66 
0043    1060      1060       4.63 
0044    7002      7002       10.1 
0045    0150      0150       7.22 
0046    2020      2020       3.16 
0047    1150      1150       4.62 
0048    5270      5270       9.44 
0049    0200      0200       1.95 
sum:289.396
