[order] [testNum] [inputNum] [time]
0000    0100      0000       0.278 
0001    5520      0000       0.425 
0002    0450      0000       0.541 
0003    6500      0000       0.631 
0004    1020      0000       1.18 
0005    0900      0900       6.15 
0006    1901      0000       2.08 
0007    0210      0000       0.605 
0008    6000      0000       0.647 
0009    1000      0000       0.629 
0010    2050      0000       0.622 
0011    1000      0000       0.644 
0012    4000      0000       0.276 
0013    6050      0000       0.651 
0014    2600      2600       5.89 
0015    5020      0000       0.261 
0016    5010      5010       6.14 
0017    0940      0000       0.376 
0018    2050      0000       1.22 
0019    0910      0000       1.83 
0020    2020      0000       0.772 
0021    6050      0000       0.971 
0022    1000      0000       1.81 
0023    0500      0000       0.421 
0024    2500      0000       0.335 
0025    1228      0000       0.282 
0026    0200      0000       1.06 
0027    2520      0000       4.6 
0028    0400      0000       0.529 
0029    0200      0200       2.39 
0030    0215      0000       0.415 
0031    0050      0050       3.21 
0032    0900      0900       6.58 
0033    0260      0000       0.342 
0034    0960      0960       14.4 
0035    5023      5023       11.1 
0036    2600      0000       0.287 
0037    0370      0000       1.14 
0038    1040      1040       5.85 
0039    5020      0000       1.54 
0040    8200      8200       5.6 
0041    5060      0000       8.3 
0042    0800      0000       0.722 
0043    1060      0000       1.65 
0044    7002      0000       0.542 
0045    0150      0000       0.306 
0046    2020      0000       0.697 
0047    1150      1150       8.82 
0048    5270      0000       1.02 
0049    0200      0000       0.32 
sum:117.107
