[order] [testNum] [inputNum] [time]
0000    0100      0000       0.198 
0001    5520      0000       0.203 
0002    0450      0000       0.184 
0003    6500      0000       0.178 
0004    1020      0000       0.365 
0005    0900      0900       4.16 
0006    1901      0000       0.192 
0007    0210      0000       0.187 
0008    6000      0000       0.208 
0009    1000      0000       0.202 
0010    2050      0000       0.168 
0011    1000      0000       0.192 
0012    4000      0000       0.17 
0013    6050      0000       0.176 
0014    2600      0000       0.222 
0015    5020      0000       0.191 
0016    5010      0000       0.203 
0017    0940      0000       0.188 
0018    2050      0000       0.516 
0019    0910      0000       0.174 
0020    2020      0000       0.196 
0021    6050      0000       0.189 
0022    1000      1000       1.88 
0023    0500      0000       0.19 
0024    2500      0000       0.186 
0025    1228      1230       5.21 
0026    0200      0000       0.187 
0027    2520      0000       0.237 
0028    0400      0000       0.38 
0029    0200      0000       0.21 
0030    0215      0000       0.181 
0031    0050      0000       0.992 
0032    0900      0000       0.24 
0033    0260      0000       0.193 
0034    0960      0000       0.205 
0035    5023      0000       0.176 
0036    2600      0000       0.376 
0037    0370      0000       0.191 
0038    1040      0000       0.567 
0039    5020      0000       0.17 
0040    8200      0000       0.341 
0041    5060      0000       0.326 
0042    0800      0800       5.33 
0043    1060      0000       0.223 
0044    7002      0000       0.175 
0045    0150      0000       0.186 
0046    2020      0000       0.183 
0047    1150      0000       0.196 
0048    5270      0000       0.194 
0049    0200      0000       0.203 
sum:27.8
