[order] [testNum] [inputNum] [time]
0000    0100      0000       0.105 
0001    5520      0000       0.35 
0002    0450      0000       0.179 
0003    6500      0000       0.259 
0004    1020      0000       0.105 
0005    0900      0000       0.317 
0006    1901      0000       0.163 
0007    0210      0000       0.258 
0008    6000      0000       0.229 
0009    1000      0000       0.131 
0010    2050      0000       0.109 
0011    1000      0000       0.323 
0012    4000      0000       0.167 
0013    6050      5783       10.2 
0014    2600      0000       0.404 
0015    5020      0000       0.0971 
0016    5010      0000       0.104 
0017    0940      0000       1.59 
0018    2050      0000       0.461 
0019    0910      0000       0.121 
0020    2020      0000       0.101 
0021    6050      0000       0.102 
0022    1000      0000       22.4 
0023    0500      0000       0.128 
0024    2500      0000       0.232 
0025    1228      0000       0.119 
0026    0200      0000       0.146 
0027    2520      0000       0.0913 
0028    0400      0000       0.574 
0029    0200      0000       0.384 
0030    0215      0000       0.116 
0031    0050      0000       0.223 
0032    0900      0000       0.114 
0033    0260      0000       0.127 
0034    0960      0000       0.175 
0035    5023      0000       0.237 
0036    2600      0000       0.115 
0037    0370      0000       0.13 
0038    1040      1302       13.2 
0039    5020      0000       0.173 
0040    8200      0000       0.111 
0041    5060      0000       0.107 
0042    0800      0000       0.152 
0043    1060      0000       0.17 
0044    7002      0000       0.236 
0045    0150      0000       0.226 
0046    2020      0000       0.214 
0047    1150      0000       0.204 
0048    5270      0000       0.135 
0049    0200      0000       0.218 
