[order] [testNum] [inputNum] [time]
0000    0100      0100       2.18 
0001    5520      0000       0.288 
0002    0450      0450       1.41 
0003    6500      6500       1.6 
0004    1020      1030       1.7 
0005    0900      0900       1.31 
0006    1901      1900       1.99 
0007    0210      0210       1.49 
0008    6000      6000       1.9 
0009    1000      1000       2.46 
0010    2050      2050       1.75 
0011    1000      1000       2.6 
0012    4000      4000       1.7 
0013    6050      6050       1.84 
0014    2600      2600       1.6 
0015    5020      0000       0.298 
0016    5010      5010       2.26 
0017    0940      0940       1.4 
0018    2050      0000       0.309 
0019    0910      0000       0.254 
0020    2020      2020       1.62 
0021    6050      6050       1.55 
0022    1000      1000       2.84 
0023    0500      0500       2.05 
0024    2500      2500       4.32 
0025    1228      1230       2.54 
0026    0200      0200       1.58 
0027    2520      2520       3.67 
0028    0400      0400       3.51 
0029    0200      0200       1.55 
0030    0215      0220       1.48 
0031    0050      0050       1.32 
0032    0900      0900       1.41 
0033    0260      0260       1.51 
0034    0960      0960       1.47 
0035    5023      5080       3.87 
0036    2600      2600       1.88 
0037    0370      0370       1.69 
0038    1040      1040       1.64 
0039    5020      5020       3.13 
0040    8200      8200       2.19 
0041    5060      5060       1.8 
0042    0800      0800       1.41 
0043    1060      1060       1.8 
0044    7002      7000       1.88 
0045    0150      0150       2.8 
0046    2020      2020       1.83 
0047    1150      1150       2.14 
0048    5270      0000       0.609 
0049    0200      0200       1.57 
