[order] [testNum] [inputNum] [time]
0000    0100      0100       6.84 
0001    5520      5520       1.85 
0002    0450      0040       0.953 
0003    6500      0600       1.35 
0004    1020      1020       2.79 
0005    0900      0900       1.73 
0006    1901      1900       2.15 
0007    0210      0210       1.26 
0008    6000      6000       1.31 
0009    1000      1000       1.21 
0010    2050      2250       2.21 
0011    1000      1000       1.7 
0012    4000      4000       1.22 
0013    6050      6650       1.76 
0014    2600      2600       1.99 
0015    5020      5020       1.17 
0016    5010      5510       1.61 
0017    0940      0940       3.59 
0018    2050      2050       1.85 
0019    0910      0910       1.43 
0020    2020      2020       1.29 
0021    6050      6050       1.33 
0022    1000      1000       1.46 
0023    0500      0550       1.1 
0024    2500      2500       1.74 
0025    1228      0010       1.3 
0026    0200      0220       1.04 
0027    2520      2220       1.86 
0028    0400      0440       1.26 
0029    0200      0200       1.11 
0030    0215      0220       1.47 
0031    0050      0050       0.813 
0032    0900      0900       1.36 
0033    0260      0260       2.09 
0034    0960      0960       2.04 
0035    5023      5020       1.73 
0036    2600      2600       4.11 
0037    0370      0370       2.31 
0038    1040      1040       1.18 
0039    5020      5020       1.47 
0040    8200      0820       1.69 
0041    5060      5060       1.3 
0042    0800      0800       1.76 
0043    1060      1160       1.26 
0044    7002      7700       2.92 
0045    0150      0110       2.6 
0046    2020      2220       1.4 
0047    1150      1110       2.97 
0048    5270      5270       2.39 
0049    0200      0200       2.62 
sum:92.946
