[order] [testNum] [inputNum] [time]
0000    0100      0100       1.72 
0001    5520      5520       1.76 
0002    0450      0000       0.473 
0003    6500      0000       0.239 
0004    1020      1020       3.31 
0005    0900      0000       0.48 
0006    1901      1900       2.16 
0007    0210      0000       0.218 
0008    6000      0000       0.337 
0009    1000      0000       0.103 
0010    2050      2050       1.88 
0011    1000      0000       1.01 
0012    4000      0000       0.229 
0013    6050      0000       0.224 
0014    2600      0000       0.201 
0015    5020      0000       0.377 
0016    5010      0000       0.212 
0017    0940      0940       4.05 
0018    2050      2050       1.92 
0019    0910      0000       0.208 
0020    2020      2020       2.32 
0021    6050      0000       0.167 
0022    1000      0000       0.259 
0023    0500      0500       1.57 
0024    2500      0000       0.244 
0025    1228      0000       0.523 
0026    0200      5800       5.6 
0027    2520      2520       39.8 
0028    0400      0000       0.156 
0029    0200      0000       0.175 
0030    0215      0000       0.323 
0031    0050      0000       0.223 
0032    0900      0000       0.212 
0033    0260      0260       1.8 
0034    0960      0000       0.26 
0035    5023      0000       0.26 
0036    2600      0000       0.241 
0037    0370      0370       1.57 
0038    1040      0000       0.164 
0039    5020      0000       0.165 
0040    8200      0000       0.165 
0041    5060      0000       0.158 
0042    0800      0800       1.76 
0043    1060      1060       1.73 
0044    7002      7000       2.57 
0045    0150      0000       0.147 
0046    2020      0000       0.127 
0047    1150      0000       0.2 
0048    5270      0000       0.253 
0049    0200      0000       0.212 
