[order] [testNum] [inputNum] [time]
0000    0123      0000       0.396 
0001    0223      0000       0.406 
0002    0323      0000       0.383 
0003    1234      0000       0.377 
0004    2345      0000       0.33 
0005    3456      0000       0.308 
0006    4567      0000       0.296 
0007    6789      0000       0.39 
0008    1000      0000       5.25 
0009    0100      0000       0.334 
0010    0001      0000       0.364 
0011    0001      0000       0.328 
0012    0001      0000       1.38 
