[order] [testNum] [inputNum] [time]
0000    0100      0100       4.35 
0001    5520      5520       15.9 
0002    0450      0450       8.96 
0003    6500      6500       11.5 
0004    1020      1020       5.57 
0005    0900      0900       7.07 
0006    1901      1901       6.72 
0007    0210      0210       12.1 
0008    6000      6000       14.6 
0009    1000      1000       6.42 
0010    2050      2050       7.29 
0011    1000      1000       4.73 
0012    4000      4000       8.78 
0013    6050      6050       18.4 
0014    2600      2600       11.8 
0015    5020      5020       10.9 
0016    5010      5010       10.4 
0017    0940      0940       5.43 
0018    2050      2050       7.93 
0019    0910      0910       13.0 
0020    2020      2020       8.94 
0021    6050      6050       11.5 
0022    1000      1000       7.99 
0023    0500      0500       7.67 
0024    2500      2500       9.71 
0025    1228      1228       8.46 
0026    0200      0200       5.73 
0027    2520      2520       10.1 
0028    0400      0400       6.52 
0029    0200      0200       5.15 
0030    0215      0215       8.32 
0031    0050      0050       6.75 
0032    0900      0900       5.86 
0033    0260      0260       8.66 
0034    0960      0960       4.39 
0035    5023      5023       17.1 
0036    2600      2600       13.3 
0037    0370      0370       9.25 
0038    1040      1040       7.26 
0039    5020      5020       12.8 
0040    8200      8200       25.7 
0041    5060      5060       12.3 
0042    0800      0800       5.28 
0043    1060      1060       6.95 
0044    7002      7002       14.5 
0045    0150      0150       6.34 
0046    2020      2020       5.16 
0047    1150      1150       7.8 
0048    5270      5270       10.1 
0049    0200      0200       8.05 
sum:469.365
