[order] [testNum] [inputNum] [time]
0000    0100      0101       5.39 
0001    5520      5520       10.5 
0002    0450      0450       4.55 
0003    6500      6500       11.8 
0004    1020      1020       10.3 
0005    0900      0900       6.49 
0006    1901      1901       11.8 
0007    0210      0210       4.87 
0008    6000      6000       11.2 
0009    1000      1000       11.5 
0010    2050      2050       4.53 
0011    1000      1000       9.21 
0012    4000      4000       10.1 
0013    6050      6050       14.3 
0014    2600      2600       9.52 
0015    5020      5020       10.2 
0016    5010      5010       15.7 
0017    0940      0941       13.3 
0018    2050      2050       7.19 
0019    0910      0910       7.03 
0020    2020      2020       14.1 
0021    6050      6050       10.7 
0022    1000      1000       6.69 
0023    0500      0500       7.14 
0024    2500      2500       6.84 
0025    1228      1228       5.66 
0026    0200      0200       6.99 
0027    2520      2520       7.03 
0028    0400      0400       10.3 
0029    0200      0200       9.0 
0030    0215      0215       8.76 
0031    0050      0050       14.7 
0032    0900      0900       8.6 
0033    0260      0260       7.14 
0034    0960      0960       8.1 
0035    5023      5023       12.3 
0036    2600      2600       9.89 
0037    0370      0370       9.36 
0038    1040      1040       7.94 
0039    5020      5020       9.97 
0040    8200      8200       15.3 
0041    5060      5060       6.77 
0042    0800      0800       3.68 
0043    1060      1060       9.3 
0044    7002      7020       7.21 
0045    0150      0150       3.41 
0046    2020      2020       10.8 
0047    1150      1150       9.12 
0048    5270      5270       14.0 
0049    0200      0200       13.8 
sum:463.770
