[order] [testNum] [inputNum] [time]
0000    0100      0000       0.497 
0001    5520      0000       0.196 
0002    0450      0000       0.17 
0003    6500      0000       0.982 
0004    1020      0000       0.17 
0005    0900      0000       0.173 
0006    1901      0000       0.126 
0007    0210      0000       0.281 
0008    6000      0000       0.135 
0009    1000      0000       0.206 
0010    2050      0000       0.282 
0011    1000      0000       0.128 
0012    4000      0000       0.153 
0013    6050      0000       0.166 
0014    2600      0000       0.106 
0015    5020      0000       0.0804 
0016    5010      0000       0.216 
0017    0940      0000       0.772 
0018    2050      0000       3.77 
0019    0910      0000       0.174 
0020    2020      0000       0.127 
0021    6050      0000       0.167 
0022    1000      0000       0.137 
0023    0500      0000       9.49 
0024    2500      0000       0.191 
0025    1228      0000       0.132 
0026    0200      0000       0.779 
0027    2520      0000       0.158 
0028    0400      0000       0.184 
0029    0200      0000       0.408 
0030    0215      0000       0.196 
0031    0050      0000       0.223 
0032    0900      0000       0.347 
0033    0260      0000       0.64 
0034    0960      0000       0.551 
0035    5023      0000       0.355 
0036    2600      0000       0.523 
0037    0370      0000       0.152 
0038    1040      0000       0.109 
0039    5020      0000       0.967 
0040    8200      0000       0.175 
0041    5060      0000       0.55 
0042    0800      0000       0.523 
0043    1060      0000       0.189 
0044    7002      0000       0.0886 
0045    0150      0000       0.695 
0046    2020      0000       0.173 
0047    1150      0000       0.402 
0048    5270      0000       0.434 
0049    0200      0000       0.181 
