[order] [testNum] [inputNum] [time]
0000    0100      0000       0.101 
0001    5520      0000       0.289 
0002    0450      0000       0.103 
0003    6500      0000       0.546 
0004    1020      0000       0.428 
0005    0900      0000       0.219 
0006    1901      0000       0.341 
0007    0210      0000       0.19 
0008    6000      0000       0.725 
0009    1000      0000       1.05 
0010    2050      0000       0.167 
0011    1000      0000       0.883 
0012    4000      0000       0.314 
0013    6050      0000       0.412 
0014    2600      0000       0.276 
0015    5020      0000       0.165 
0016    5010      0000       1.15 
0017    0940      0000       0.113 
0018    2050      0000       0.277 
0019    0910      0000       0.225 
0020    2020      0000       0.367 
0021    6050      0000       0.105 
0022    1000      0000       0.102 
0023    0500      0000       0.289 
0024    2500      0000       0.351 
0025    1228      0000       0.335 
0026    0200      0000       1.01 
0027    2520      0000       0.35 
0028    0400      0000       0.295 
0029    0200      0000       0.6 
0030    0215      0000       0.413 
0031    0050      0000       0.303 
0032    0900      0000       1.26 
0033    0260      0000       0.411 
0034    0960      0000       0.151 
0035    5023      0000       0.118 
0036    2600      0000       0.27 
0037    0370      0000       0.292 
0038    1040      0000       0.1 
0039    5020      0000       0.347 
0040    8200      0000       0.39 
0041    5060      0000       0.1 
0042    0800      0000       0.534 
0043    1060      0000       0.137 
0044    7002      0000       0.264 
0045    0150      0000       0.42 
0046    2020      0000       0.315 
0047    1150      0000       0.286 
0048    5270      0000       0.128 
0049    0200      0000       0.315 
