[order] [testNum] [inputNum] [time]
0000    0100      0100       16.7 
0001    5520      5520       39.2 
0002    0450      0450       10.9 
0003    6500      6500       30.9 
0004    1020      1020       10.1 
0005    0900      0900       16.3 
0006    1901      1900       15.9 
0007    0210      0210       4.26 
0008    6000      6000       19.8 
0009    1000      1000       17.0 
0010    2050      2050       11.4 
0011    1000      1000       10.2 
0012    4000      4000       11.6 
0013    6050      6050       20.0 
0014    2600      2600       20.1 
0015    5020      5020       20.0 
0016    5010      5010       22.5 
0017    0940      0940       17.5 
0018    2050      2050       22.4 
0019    0910      0910       10.3 
0020    2020      2020       14.0 
0021    6050      6050       34.4 
0022    1000      1000       7.36 
0023    0500      0500       17.6 
0024    2500      2500       23.2 
0025    1228      1228       14.3 
0026    0200      0200       11.5 
0027    2520      2520       12.0 
0028    0400      0400       7.7 
0029    0200      0200       5.94 
0030    0215      0215       11.5 
0031    0050      0050       8.19 
0032    0900      0900       6.25 
0033    0260      0260       8.13 
0034    0960      0960       9.32 
0035    5023      5023       35.5 
0036    2600      2600       9.74 
0037    0370      0370       9.08 
0038    1040      1040       8.8 
0039    5020      5020       19.6 
0040    8200      8200       21.1 
0041    5060      5060       16.7 
0042    0800      0800       12.4 
0043    1060      1060       11.2 
0044    7002      7002       38.2 
0045    0150      0150       4.49 
0046    2020      2020       21.4 
0047    1150      1150       15.7 
0048    5270      5270       23.9 
0049    0200      0200       7.76 
sum:794.134
