[order] [testNum] [inputNum] [time]
0000    0100      0000       0.335 
0001    5520      0000       1.8 
0002    0450      0000       0.426 
0003    6500      0000       0.346 
0004    1020      0000       0.372 
0005    0900      2821       14.9 
0006    1901      0000       0.148 
0007    0210      0000       0.324 
0008    6000      0000       0.388 
0009    1000      0000       0.372 
0010    2050      0000       0.166 
0011    1000      0000       0.338 
0012    4000      0000       0.315 
0013    6050      0000       0.144 
0014    2600      0000       0.388 
0015    5020      0000       0.155 
0016    5010      0000       0.315 
0017    0940      0000       0.343 
0018    2050      0000       0.134 
0019    0910      0000       0.365 
0020    2020      0000       0.316 
0021    6050      0000       0.205 
0022    1000      0000       0.136 
0023    0500      0000       0.134 
0024    2500      0000       0.155 
0025    1228      0000       0.447 
0026    0200      0000       0.352 
0027    2520      0000       0.374 
0028    0400      0000       0.14 
0029    0200      0000       0.153 
0030    0215      0000       0.405 
0031    0050      0000       0.355 
0032    0900      0000       0.302 
0033    0260      0000       0.375 
0034    0960      0000       0.176 
0035    5023      0000       0.2 
0036    2600      0000       0.128 
0037    0370      0000       0.371 
0038    1040      0000       0.156 
0039    5020      0000       0.351 
0040    8200      0000       0.343 
0041    5060      0000       0.29 
0042    0800      0000       0.385 
0043    1060      0000       0.349 
0044    7002      0000       0.349 
0045    0150      0000       0.153 
0046    2020      0000       0.235 
0047    1150      0000       0.383 
0048    5270      0000       0.32 
0049    0200      0000       0.427 
