[order] [testNum] [inputNum] [time]
0000    0100      0000       3.47 
0001    5520      0000       0.348 
0002    0450      0000       0.169 
0003    6500      0000       0.169 
0004    1020      0000       0.149 
0005    0900      0000       0.347 
0006    1901      0000       0.888 
0007    0210      0000       1.32 
0008    6000      0000       1.26 
0009    1000      0000       1.53 
0010    2050      0000       0.24 
0011    1000      0000       1.11 
0012    4000      0000       0.329 
0013    6050      0000       0.372 
0014    2600      0000       0.234 
0015    5020      0000       0.857 
0016    5010      0000       1.51 
0017    0940      0000       0.659 
0018    2050      0000       1.12 
0019    0910      0000       1.18 
0020    2020      0000       0.66 
0021    6050      0000       0.352 
0022    1000      0000       1.84 
0023    0500      0000       0.221 
0024    2500      0000       2.28 
0025    1228      0000       1.48 
0026    0200      0000       0.999 
0027    2520      0000       0.394 
0028    0400      0000       0.932 
0029    0200      0000       0.271 
0030    0215      0000       0.966 
0031    0050      0000       0.791 
0032    0900      0000       0.206 
0033    0260      0000       0.349 
0034    0960      0000       1.71 
0035    5023      0000       0.392 
0036    2600      0000       0.935 
0037    0370      0000       0.826 
0038    1040      0000       0.14 
0039    5020      0000       0.15 
0040    8200      0000       0.361 
0041    5060      0000       0.152 
0042    0800      0000       0.512 
0043    1060      0000       0.149 
0044    7002      0000       0.669 
0045    0150      0000       0.107 
0046    2020      0000       0.351 
0047    1150      0000       0.201 
0048    5270      0000       0.15 
0049    0200      0000       0.172 
