[order] [testNum] [inputNum] [time]
0000    0100      0000       0.286 
0001    5520      0000       0.89 
0002    0450      0000       1.08 
0003    6500      0000       0.817 
0004    1020      0000       0.255 
0005    0900      0000       0.813 
0006    1901      0000       0.21 
0007    0210      0000       0.229 
0008    6000      0000       0.867 
0009    1000      0000       0.676 
0010    2050      0000       0.971 
0011    1000      0000       2.01 
0012    4000      0000       1.07 
0013    6050      0000       0.806 
0014    2600      0000       2.25 
0015    5020      0000       0.26 
0016    5010      0000       0.7 
0017    0940      0000       0.824 
0018    2050      2050       11.4 
0019    0910      0000       0.398 
0020    2020      0000       0.734 
0021    6050      0000       3.63 
0022    1000      0000       0.178 
0023    0500      0000       0.34 
0024    2500      0000       1.09 
0025    1228      0000       0.325 
0026    0200      0000       0.211 
0027    2520      0000       0.534 
0028    0400      0000       0.769 
0029    0200      0000       0.809 
0030    0215      0000       0.886 
0031    0050      0000       0.549 
0032    0900      0000       0.274 
0033    0260      0000       0.816 
0034    0960      0000       0.825 
0035    5023      0000       0.275 
0036    2600      0000       0.89 
0037    0370      0000       0.896 
0038    1040      0000       0.234 
0039    5020      0000       0.202 
0040    8200      0000       0.362 
0041    5060      0000       0.312 
0042    0800      0000       1.48 
0043    1060      0000       0.366 
0044    7002      0000       0.213 
0045    0150      0000       0.902 
0046    2020      0000       0.788 
0047    1150      0000       0.893 
0048    5270      0000       0.166 
0049    0200      0000       0.809 
sum:47.588
