[order] [testNum] [inputNum] [time]
0000    0100      0000       0.154 
0001    5520      0000       0.251 
0002    0450      0000       0.171 
0003    6500      0000       0.296 
0004    1020      1020       18.3 
0005    0900      0000       0.878 
0006    1901      0000       0.448 
0007    0210      0000       0.716 
0008    6000      0000       0.353 
0009    1000      0000       3.07 
0010    2050      0000       0.332 
0011    1000      0000       0.297 
0012    4000      0000       0.283 
0013    6050      0000       0.105 
0014    2600      0000       0.16 
0015    5020      0000       0.151 
0016    5010      0000       0.235 
0017    0940      0000       0.153 
0018    2050      0000       0.647 
0019    0910      0000       0.249 
0020    2020      0000       0.249 
0021    6050      0000       0.27 
0022    1000      0000       0.258 
0023    0500      0000       0.167 
0024    2500      0000       0.195 
0025    1228      0000       0.378 
0026    0200      0000       0.249 
0027    2520      0000       0.264 
0028    0400      0000       0.332 
0029    0200      0000       0.28 
0030    0215      0000       0.224 
0031    0050      0000       0.273 
0032    0900      0000       0.0999 
0033    0260      0000       0.122 
0034    0960      0000       0.287 
0035    5023      0000       1.51 
0036    2600      0000       0.158 
0037    0370      0000       0.271 
0038    1040      0000       0.264 
0039    5020      0000       0.342 
0040    8200      0000       0.129 
0041    5060      0000       0.262 
0042    0800      0000       0.241 
0043    1060      0000       0.27 
0044    7002      0000       0.157 
0045    0150      0000       0.31 
0046    2020      0000       0.142 
0047    1150      0000       0.169 
0048    5270      0000       0.746 
0049    0200      0000       0.308 
