[order] [testNum] [inputNum] [time]
0000    0100      0100       4.17 
0001    5520      5520       13.8 
0002    0450      0450       7.31 
0003    6500      6500       11.2 
0004    1020      1020       10.5 
0005    0900      0900       5.95 
0006    1901      1900       5.87 
0007    0210      0210       5.44 
0008    6000      6000       13.4 
0009    1000      1000       4.32 
0010    2050      2050       10.8 
0011    1000      1000       7.01 
0012    4000      4000       17.5 
0013    6050      6050       18.1 
0014    2600      2600       11.8 
0015    5020      5020       32.2 
0016    5010      5010       8.01 
0017    0940      0940       12.9 
0018    2050      2050       12.9 
0019    0910      0910       12.2 
0020    2020      2020       8.05 
0021    6050      6050       10.1 
0022    1000      1000       6.46 
0023    0500      0500       20.0 
0024    2500      2500       10.4 
0025    1228      1230       8.06 
0026    0200      0200       9.53 
0027    2520      2520       43.6 
0028    0400      0400       4.69 
0029    0200      0200       37.0 
0030    0215      0220       5.06 
0031    0050      0050       2.04 
0032    0900      0900       3.93 
0033    0260      0260       9.26 
0034    0960      0960       6.18 
0035    5023      5020       23.1 
0036    2600      2600       11.5 
0037    0370      0360       5.99 
0038    1040      1040       4.94 
0039    5020      5020       14.8 
0040    8200      8200       14.3 
0041    5060      5060       8.63 
0042    0800      0800       38.2 
0043    1060      1060       16.1 
0044    7002      7000       10.5 
0045    0150      0150       6.52 
0046    2020      2020       6.73 
0047    1150      1150       5.86 
0048    5270      5270       23.4 
0049    0200      0200       7.41 
sum:6.08e+02
