[order] [testNum] [inputNum] [time]
0000    0100      0000       0.124 
0001    5520      0000       0.106 
0002    0450      0000       0.0569 
0003    6500      0000       0.0262 
0004    1020      0000       0.0209 
0005    0900      0000       0.0243 
0006    1901      0000       0.107 
0007    0210      0000       0.0218 
0008    6000      0000       0.104 
0009    1000      0000       0.124 
0010    2050      0000       0.0204 
0011    1000      0000       0.0209 
0012    4000      0000       0.127 
0013    6050      0000       0.0217 
0014    2600      0000       0.118 
0015    5020      0000       0.141 
0016    5010      0000       0.114 
0017    0940      0000       0.0207 
0018    2050      0000       0.123 
0019    0910      0000       0.0226 
0020    2020      0000       0.0206 
0021    6050      0000       0.14 
0022    1000      0000       0.0246 
0023    0500      0000       0.021 
0024    2500      0000       0.0205 
0025    1228      0000       0.122 
0026    0200      0000       0.123 
0027    2520      0000       0.0207 
0028    0400      0000       0.116 
0029    0200      0000       0.0205 
0030    0215      0000       0.0994 
0031    0050      0000       0.109 
0032    0900      0000       0.0208 
0033    0260      0000       0.0204 
0034    0960      0000       0.128 
0035    5023      0000       0.025 
0036    2600      0000       0.126 
0037    0370      0000       0.0247 
0038    1040      0000       0.0207 
0039    5020      0000       0.0251 
0040    8200      0000       0.122 
0041    5060      0000       0.0254 
0042    0800      0000       0.127 
0043    1060      0000       0.0217 
0044    7002      0000       0.122 
0045    0150      0000       0.119 
0046    2020      0000       0.0208 
0047    1150      0000       0.0203 
0048    5270      0000       0.142 
0049    0200      0000       0.0203 
