[order] [testNum] [inputNum] [time]
0000    0100      0000       0.331 
0001    5520      0000       0.406 
0002    0450      0000       0.362 
0003    6500      0000       0.366 
0004    1020      1416       3.41 
0005    0900      0000       0.376 
0006    1901      0000       0.32 
0007    0210      0000       0.283 
0008    6000      0000       0.368 
0009    1000      0000       0.369 
0010    2050      0000       0.273 
0011    1000      0000       0.37 
0012    4000      0000       0.658 
0013    6050      6050       15.1 
0014    2600      0000       0.356 
0015    5020      0000       0.295 
0016    5010      0000       0.3 
0017    0940      0000       0.377 
0018    2050      0000       0.291 
0019    0910      0000       0.384 
0020    2020      2020       8.14 
0021    6050      0000       0.344 
0022    1000      0000       0.431 
0023    0500      0000       0.354 
0024    2500      0000       0.364 
0025    1228      0000       0.718 
0026    0200      0000       0.277 
0027    2520      0000       0.351 
0028    0400      0000       0.376 
0029    0200      0000       0.304 
0030    0215      0000       0.285 
0031    0050      0000       0.329 
0032    0900      0000       0.297 
0033    0260      0000       0.417 
0034    0960      0000       0.358 
0035    5023      0000       0.364 
0036    2600      0000       0.381 
0037    0370      0000       0.311 
0038    1040      0000       0.272 
0039    5020      0000       0.272 
0040    8200      0000       0.377 
0041    5060      0000       0.282 
0042    0800      0000       0.392 
0043    1060      0000       0.318 
0044    7002      0000       0.378 
0045    0150      0000       0.346 
0046    2020      0000       0.656 
0047    1150      0000       0.317 
0048    5270      0000       0.347 
0049    0200      0000       0.331 
sum:43.669
