[order] [testNum] [inputNum] [time]
0000    0100      0000       0.346 
0001    5520      0000       0.141 
0002    0450      0000       0.17 
0003    6500      0000       0.134 
0004    1020      0000       0.101 
0005    0900      0000       0.228 
0006    1901      0000       0.125 
0007    0210      0000       1.59 
0008    6000      0000       0.114 
0009    1000      0000       0.138 
0010    2050      0000       0.13 
0011    1000      0000       0.224 
0012    4000      0000       0.214 
0013    6050      0000       0.15 
0014    2600      0000       0.125 
0015    5020      0000       0.212 
0016    5010      0000       0.112 
0017    0940      0000       0.109 
0018    2050      0000       0.114 
0019    0910      0000       0.126 
0020    2020      0000       0.163 
0021    6050      0000       0.13 
0022    1000      0000       0.2 
0023    0500      0000       0.132 
0024    2500      0000       0.13 
0025    1228      0000       0.122 
0026    0200      0000       0.128 
0027    2520      0000       0.226 
0028    0400      0000       0.139 
0029    0200      0000       0.139 
0030    0215      0000       0.225 
0031    0050      0000       7.24 
0032    0900      0000       0.139 
0033    0260      0000       0.186 
0034    0960      0000       0.116 
0035    5023      0000       0.125 
0036    2600      0000       0.132 
0037    0370      0000       0.112 
0038    1040      0000       0.11 
0039    5020      0000       0.244 
0040    8200      0000       0.134 
0041    5060      0000       0.133 
0042    0800      0000       0.109 
0043    1060      0000       0.123 
0044    7002      0000       0.214 
0045    0150      0000       0.222 
0046    2020      0000       0.231 
0047    1150      0000       0.116 
0048    5270      0000       0.0928 
0049    0200      0000       0.128 
